0 119 115 87 88 98 115 101 93 100
119 0 28 68 109 62 23 60 63 106
115 28 0 67 105 55 40 55 56 95
87 68 67 0 89 52 71 57 47 88
88 109 105 89 0 87 109 100 83 108
98 62 55 52 87 0 64 56 15 88
115 23 40 71 109 64 0 66 67 105
101 60 55 57 100 56 66 0 52 72
93 63 56 47 83 15 67 52 0 87
100 106 95 88 108 88 105 72 87 0
