0.000000000000000000e+00 5.789473684210526550e-01 6.271186440677966045e-01 7.049180327868852514e-01 3.454545454545454586e-01 7.464788732394366244e-01 6.307692307692307487e-01 7.142857142857143016e-01 7.746478873239436291e-01 7.500000000000000000e-01 7.142857142857143016e-01 6.615384615384615197e-01 7.692307692307691624e-01 6.571428571428571397e-01 3.454545454545454586e-01 7.230769230769230616e-01 7.272727272727272929e-01 7.808219178082191902e-01 7.808219178082191902e-01 7.391304347826086474e-01 7.272727272727272929e-01 6.190476190476190688e-01 7.096774193548387455e-01 6.393442622950820109e-01 8.730158730158730229e-01 7.428571428571428825e-01 6.716417910447760597e-01 7.464788732394366244e-01 2.830188679245283501e-01 6.507936507936508130e-01 7.272727272727272929e-01 6.619718309859154992e-01 6.619718309859154992e-01 6.307692307692307487e-01 7.714285714285714635e-01 7.187500000000000000e-01 7.272727272727272929e-01 3.454545454545454586e-01 7.500000000000000000e-01 8.730158730158730229e-01 7.272727272727272929e-01 6.901408450704225039e-01 5.862068965517241992e-01 6.363636363636363535e-01 9.722222222222222099e-01 4.576271186440677985e-01 8.441558441558441039e-01 8.309859154929577496e-01 8.688524590163934080e-01 7.272727272727272929e-01 7.027027027027026307e-01 6.619718309859154992e-01 8.333333333333333703e-01 6.716417910447760597e-01 6.190476190476190688e-01 5.873015873015873245e-01 6.393442622950820109e-01 6.363636363636363535e-01 5.937500000000000000e-01 7.454545454545454808e-01 7.567567567567567988e-01 9.701492537313433084e-01 6.571428571428571397e-01 7.777777777777777901e-01 5.593220338983051487e-01 9.722222222222222099e-01 9.718309859154929953e-01 9.805825242718446688e-01 7.272727272727272929e-01 4.576271186440677985e-01 8.235294117647058432e-01 6.065573770491803351e-01 7.428571428571428825e-01 6.065573770491803351e-01 6.065573770491803351e-01 7.419354838709677491e-01 6.307692307692307487e-01 7.428571428571428825e-01 8.591549295774647543e-01 5.873015873015873245e-01 6.666666666666667407e-01 6.307692307692307487e-01 7.647058823529411242e-01 6.901408450704225039e-01 7.500000000000000000e-01 7.272727272727272929e-01 5.937500000000000000e-01 5.593220338983051487e-01 2.830188679245283501e-01 5.593220338983051487e-01 7.534246575342465890e-01 5.087719298245614308e-01 6.451612903225806273e-01 7.391304347826086474e-01 9.710144927536231707e-01 7.534246575342465890e-01 9.682539682539682557e-01 5.593220338983051487e-01 7.187500000000000000e-01 7.352941176470588758e-01 5.593220338983051487e-01 6.666666666666667407e-01 6.363636363636363535e-01 6.507936507936508130e-01 6.764705882352941568e-01 7.500000000000000000e-01 7.460317460317460458e-01 7.647058823529411242e-01 7.500000000000000000e-01 9.687500000000000000e-01 8.421052631578946901e-01 6.065573770491803351e-01 6.065573770491803351e-01 9.710144927536231707e-01 6.307692307692307487e-01 7.272727272727272929e-01 8.072289156626506479e-01 6.065573770491803351e-01 6.176470588235294379e-01 4.576271186440677985e-01 7.464788732394366244e-01 9.682539682539682557e-01 7.611940298507462455e-01 6.307692307692307487e-01 6.190476190476190688e-01 7.272727272727272929e-01 7.428571428571428825e-01
5.789473684210526550e-01 0.000000000000000000e+00 7.407407407407406996e-01 5.357142857142856984e-01 5.200000000000000178e-01 7.272727272727272929e-01 6.999999999999999556e-01 5.517241379310344751e-01 7.575757575757575690e-01 7.288135593220339548e-01 6.206896551724138122e-01 6.333333333333333037e-01 7.534246575342465890e-01 7.230769230769230616e-01 5.200000000000000178e-01 4.333333333333333481e-01 7.049180327868852514e-01 7.647058823529411242e-01 7.647058823529411242e-01 7.187500000000000000e-01 7.049180327868852514e-01 6.896551724137931494e-01 6.842105263157894912e-01 6.785714285714286031e-01 8.620689655172413257e-01 5.999999999999999778e-01 6.451612903225806273e-01 7.272727272727272929e-01 5.000000000000000000e-01 6.896551724137931494e-01 7.049180327868852514e-01 7.272727272727272929e-01 7.272727272727272929e-01 6.999999999999999556e-01 7.538461538461538325e-01 6.949152542372880603e-01 6.393442622950820109e-01 5.200000000000000178e-01 6.119402985074626766e-01 8.620689655172413257e-01 7.049180327868852514e-01 7.272727272727272929e-01 5.471698113207547065e-01 7.049180327868852514e-01 9.701492537313433084e-01 6.296296296296296502e-01 8.333333333333333703e-01 8.181818181818181213e-01 8.571428571428572063e-01 6.393442622950820109e-01 6.811594202898550998e-01 7.272727272727272929e-01 8.208955223880597396e-01 7.096774193548387455e-01 6.896551724137931494e-01 6.206896551724138122e-01 6.785714285714286031e-01 7.049180327868852514e-01 6.949152542372880603e-01 6.400000000000000133e-01 6.811594202898550998e-01 9.677419354838709964e-01 7.230769230769230616e-01 7.611940298507462455e-01 6.666666666666667407e-01 9.701492537313433084e-01 9.696969696969697239e-01 9.795918367346938549e-01 6.393442622950820109e-01 5.925925925925925597e-01 8.095238095238095344e-01 6.785714285714286031e-01 7.230769230769230616e-01 6.785714285714286031e-01 6.785714285714286031e-01 7.192982456140351033e-01 6.999999999999999556e-01 7.230769230769230616e-01 8.484848484848485084e-01 6.206896551724138122e-01 7.313432835820895539e-01 6.999999999999999556e-01 8.412698412698412787e-01 7.272727272727272929e-01 7.288135593220339548e-01 6.393442622950820109e-01 6.949152542372880603e-01 6.666666666666667407e-01 5.000000000000000000e-01 5.925925925925925597e-01 7.352941176470588758e-01 5.769230769230768718e-01 6.140350877192982670e-01 7.187500000000000000e-01 9.687500000000000000e-01 5.294117647058823595e-01 9.655172413793103869e-01 6.666666666666667407e-01 6.949152542372880603e-01 5.873015873015873245e-01 6.666666666666667407e-01 7.313432835820895539e-01 7.049180327868852514e-01 6.896551724137931494e-01 7.142857142857143016e-01 5.223880597014924909e-01 7.241379310344827624e-01 7.460317460317460458e-01 7.288135593220339548e-01 9.661016949152542166e-01 8.309859154929577496e-01 6.785714285714286031e-01 6.785714285714286031e-01 9.687500000000000000e-01 6.999999999999999556e-01 6.393442622950820109e-01 7.948717948717949344e-01 6.785714285714286031e-01 7.142857142857143016e-01 5.925925925925925597e-01 7.272727272727272929e-01 9.655172413793103869e-01 7.419354838709677491e-01 6.999999999999999556e-01 6.896551724137931494e-01 7.049180327868852514e-01 6.615384615384615197e-01
6.271186440677966045e-01 7.407407407407406996e-01 0.000000000000000000e+00 8.275862068965517127e-01 5.769230769230768718e-01 8.529411764705882026e-01 6.451612903225806273e-01 8.333333333333333703e-01 8.823529411764705621e-01 8.688524590163934080e-01 8.333333333333333703e-01 7.741935483870967527e-01 8.666666666666666963e-01 7.611940298507462455e-01 4.615384615384615641e-01 8.387096774193548709e-01 8.412698412698412787e-01 8.857142857142856762e-01 8.857142857142856762e-01 8.484848484848485084e-01 8.412698412698412787e-01 6.333333333333333037e-01 8.305084745762711940e-01 7.586206896551723755e-01 9.666666666666666741e-01 8.507462686567164312e-01 7.812500000000000000e-01 8.529411764705882026e-01 5.600000000000000533e-01 7.666666666666666075e-01 8.412698412698412787e-01 7.058823529411764053e-01 7.647058823529411242e-01 6.451612903225806273e-01 8.805970149253731227e-01 8.360655737704918433e-01 8.412698412698412787e-01 4.615384615384615641e-01 8.550724637681159646e-01 9.666666666666666741e-01 8.412698412698412787e-01 7.941176470588235947e-01 7.454545454545454808e-01 7.460317460317460458e-01 9.710144927536231707e-01 5.714285714285713969e-01 9.459459459459459429e-01 9.411764705882352811e-01 9.655172413793103869e-01 8.412698412698412787e-01 8.028169014084507449e-01 7.058823529411764053e-01 9.420289855072463414e-01 7.812500000000000000e-01 6.333333333333333037e-01 6.999999999999999556e-01 7.586206896551723755e-01 7.460317460317460458e-01 6.065573770491803351e-01 7.307692307692308376e-01 8.591549295774647543e-01 9.687500000000000000e-01 6.716417910447760597e-01 8.840579710144927938e-01 7.142857142857143016e-01 9.710144927536231707e-01 9.705882352941176405e-01 9.799999999999999822e-01 8.412698412698412787e-01 5.000000000000000000e-01 9.384615384615384581e-01 6.206896551724138122e-01 8.507462686567164312e-01 6.206896551724138122e-01 6.206896551724138122e-01 8.644067796610169774e-01 7.419354838709677491e-01 8.507462686567164312e-01 6.764705882352941568e-01 6.999999999999999556e-01 7.681159420289854767e-01 6.451612903225806273e-01 5.692307692307692069e-01 7.941176470588235947e-01 8.688524590163934080e-01 8.412698412698412787e-01 4.754098360655737432e-01 7.142857142857143016e-01 5.600000000000000533e-01 6.785714285714286031e-01 8.571428571428572063e-01 6.296296296296296502e-01 7.627118644067796271e-01 8.484848484848485084e-01 9.696969696969697239e-01 8.571428571428572063e-01 9.666666666666666741e-01 7.142857142857143016e-01 8.360655737704918433e-01 8.461538461538461453e-01 7.142857142857143016e-01 6.811594202898550998e-01 7.460317460317460458e-01 7.666666666666666075e-01 7.846153846153846034e-01 8.550724637681159646e-01 8.666666666666666963e-01 8.769230769230769162e-01 8.688524590163934080e-01 9.672131147540983243e-01 9.452054794520547976e-01 6.206896551724138122e-01 6.206896551724138122e-01 9.696969696969697239e-01 6.451612903225806273e-01 8.412698412698412787e-01 9.000000000000000222e-01 7.241379310344827624e-01 7.538461538461538325e-01 6.071428571428572063e-01 8.529411764705882026e-01 9.666666666666666741e-01 8.750000000000000000e-01 6.451612903225806273e-01 6.333333333333333037e-01 8.412698412698412787e-01 8.507462686567164312e-01
7.049180327868852514e-01 5.357142857142856984e-01 8.275862068965517127e-01 0.000000000000000000e+00 6.666666666666667407e-01 7.428571428571428825e-01 7.187500000000000000e-01 5.806451612903225090e-01 7.714285714285714635e-01 7.460317460317460458e-01 6.451612903225806273e-01 7.187500000000000000e-01 7.662337662337662669e-01 7.391304347826086474e-01 6.666666666666667407e-01 5.937500000000000000e-01 7.230769230769230616e-01 7.777777777777777901e-01 7.777777777777777901e-01 7.352941176470588758e-01 7.230769230769230616e-01 7.096774193548387455e-01 4.754098360655737432e-01 6.999999999999999556e-01 8.709677419354838745e-01 6.231884057971014412e-01 7.272727272727272929e-01 7.428571428571428825e-01 6.538461538461538547e-01 7.096774193548387455e-01 7.230769230769230616e-01 7.428571428571428825e-01 7.428571428571428825e-01 7.187500000000000000e-01 7.681159420289854767e-01 7.142857142857143016e-01 6.615384615384615197e-01 6.666666666666667407e-01 6.338028169014084945e-01 8.709677419354838745e-01 7.230769230769230616e-01 7.428571428571428825e-01 6.842105263157894912e-01 7.230769230769230616e-01 9.718309859154929953e-01 6.896551724137931494e-01 8.421052631578946901e-01 8.285714285714285143e-01 8.666666666666666963e-01 6.615384615384615197e-01 7.534246575342465890e-01 7.428571428571428825e-01 8.309859154929577496e-01 7.272727272727272929e-01 7.096774193548387455e-01 7.096774193548387455e-01 6.999999999999999556e-01 7.230769230769230616e-01 6.825396825396825573e-01 7.407407407407406996e-01 6.712328767123287854e-01 9.696969696969697239e-01 7.391304347826086474e-01 7.746478873239436291e-01 6.896551724137931494e-01 9.718309859154929953e-01 9.714285714285714191e-01 9.803921568627450567e-01 6.615384615384615197e-01 6.896551724137931494e-01 8.208955223880597396e-01 6.999999999999999556e-01 7.391304347826086474e-01 6.999999999999999556e-01 6.999999999999999556e-01 7.377049180327868161e-01 7.187500000000000000e-01 7.391304347826086474e-01 8.571428571428572063e-01 7.096774193548387455e-01 7.464788732394366244e-01 7.187500000000000000e-01 8.507462686567164312e-01 7.428571428571428825e-01 7.460317460317460458e-01 6.615384615384615197e-01 5.555555555555555802e-01 6.896551724137931494e-01 6.538461538461538547e-01 6.896551724137931494e-01 7.500000000000000000e-01 6.785714285714286031e-01 7.049180327868852514e-01 7.352941176470588758e-01 9.705882352941176405e-01 6.388888888888888395e-01 9.677419354838709964e-01 6.896551724137931494e-01 7.142857142857143016e-01 6.119402985074626766e-01 6.896551724137931494e-01 7.464788732394366244e-01 7.230769230769230616e-01 7.096774193548387455e-01 7.313432835820895539e-01 6.338028169014084945e-01 7.419354838709677491e-01 7.611940298507462455e-01 8.095238095238095344e-01 9.682539682539682557e-01 8.399999999999999689e-01 6.999999999999999556e-01 6.999999999999999556e-01 9.705882352941176405e-01 7.187500000000000000e-01 6.615384615384615197e-01 8.048780487804878536e-01 6.999999999999999556e-01 7.313432835820895539e-01 6.896551724137931494e-01 7.428571428571428825e-01 9.677419354838709964e-01 7.575757575757575690e-01 7.187500000000000000e-01 7.096774193548387455e-01 7.230769230769230616e-01 6.811594202898550998e-01
3.454545454545454586e-01 5.200000000000000178e-01 5.769230769230768718e-01 6.666666666666667407e-01 0.000000000000000000e+00 7.187500000000000000e-01 5.862068965517241992e-01 6.785714285714286031e-01 7.500000000000000000e-01 7.192982456140351033e-01 6.785714285714286031e-01 6.206896551724138122e-01 7.464788732394366244e-01 6.190476190476190688e-01 1.666666666666666297e-01 6.896551724137931494e-01 6.949152542372880603e-01 7.575757575757575690e-01 7.575757575757575690e-01 7.096774193548387455e-01 6.949152542372880603e-01 5.714285714285713969e-01 6.727272727272727293e-01 5.925925925925925597e-01 8.571428571428572063e-01 7.142857142857143016e-01 6.333333333333333037e-01 7.187500000000000000e-01 1.304347826086956763e-01 6.071428571428572063e-01 6.949152542372880603e-01 6.250000000000000000e-01 6.250000000000000000e-01 5.862068965517241992e-01 7.460317460317460458e-01 6.842105263157894912e-01 6.949152542372880603e-01 1.666666666666666297e-01 7.230769230769230616e-01 8.571428571428572063e-01 6.949152542372880603e-01 6.562500000000000000e-01 5.294117647058823595e-01 5.932203389830508211e-01 9.692307692307692291e-01 3.846153846153845812e-01 8.285714285714285143e-01 8.125000000000000000e-01 8.518518518518518601e-01 6.949152542372880603e-01 6.716417910447760597e-01 6.250000000000000000e-01 8.153846153846153744e-01 6.333333333333333037e-01 5.714285714285713969e-01 5.357142857142856984e-01 5.925925925925925597e-01 5.932203389830508211e-01 4.385964912280702066e-01 7.083333333333332593e-01 7.313432835820895539e-01 9.666666666666666741e-01 6.190476190476190688e-01 7.538461538461538325e-01 5.384615384615384359e-01 9.692307692307692291e-01 9.687500000000000000e-01 9.791666666666666297e-01 6.949152542372880603e-01 3.076923076923077094e-01 8.032786885245901676e-01 5.555555555555555802e-01 7.142857142857143016e-01 5.555555555555555802e-01 5.555555555555555802e-01 7.090909090909091050e-01 5.862068965517241992e-01 7.142857142857143016e-01 8.437500000000000000e-01 5.357142857142856984e-01 6.307692307692307487e-01 5.862068965517241992e-01 7.377049180327868161e-01 6.562500000000000000e-01 7.192982456140351033e-01 6.949152542372880603e-01 5.438596491228070429e-01 5.384615384615384359e-01 1.304347826086956763e-01 5.000000000000000000e-01 7.272727272727272929e-01 4.399999999999999467e-01 5.999999999999999778e-01 7.096774193548387455e-01 9.677419354838709964e-01 7.272727272727272929e-01 9.642857142857143016e-01 5.384615384615384359e-01 6.842105263157894912e-01 7.049180327868852514e-01 5.384615384615384359e-01 6.307692307692307487e-01 5.932203389830508211e-01 6.071428571428572063e-01 6.393442622950820109e-01 7.230769230769230616e-01 7.142857142857143016e-01 7.377049180327868161e-01 7.192982456140351033e-01 9.649122807017543879e-01 8.260869565217391353e-01 5.555555555555555802e-01 5.555555555555555802e-01 9.677419354838709964e-01 5.862068965517241992e-01 6.949152542372880603e-01 7.894736842105263275e-01 4.444444444444444198e-01 6.065573770491803351e-01 2.307692307692307265e-01 7.187500000000000000e-01 9.642857142857143016e-01 7.333333333333333925e-01 5.862068965517241992e-01 5.714285714285713969e-01 6.949152542372880603e-01 7.142857142857143016e-01
7.464788732394366244e-01 7.272727272727272929e-01 8.529411764705882026e-01 7.428571428571428825e-01 7.187500000000000000e-01 0.000000000000000000e+00 5.405405405405405705e-01 5.277777777777777901e-01 6.250000000000000000e-01 7.808219178082191902e-01 5.277777777777777901e-01 7.027027027027026307e-01 6.551724137931034253e-01 5.696202531645568889e-01 7.187500000000000000e-01 5.135135135135134865e-01 1.733333333333333393e-01 6.585365853658535773e-01 6.585365853658535773e-01 1.794871794871795156e-01 3.599999999999999867e-01 6.666666666666667407e-01 5.211267605633802535e-01 4.285714285714286031e-01 8.888888888888888395e-01 5.696202531645568889e-01 6.578947368421053099e-01 9.999999999999997780e-02 7.096774193548387455e-01 5.277777777777777901e-01 1.733333333333333393e-01 6.250000000000000000e-01 5.749999999999999556e-01 5.405405405405405705e-01 6.455696202531645556e-01 5.068493150684931781e-01 5.466666666666666341e-01 7.187500000000000000e-01 5.555555555555555802e-01 8.888888888888888395e-01 3.599999999999999867e-01 5.749999999999999556e-01 7.313432835820895539e-01 5.200000000000000178e-01 9.753086419753086433e-01 7.352941176470588758e-01 6.976744186046511809e-01 8.499999999999999778e-01 8.857142857142856762e-01 5.466666666666666341e-01 7.349397590361446131e-01 6.250000000000000000e-01 7.037037037037037202e-01 5.526315789473683626e-01 5.277777777777777901e-01 7.500000000000000000e-01 4.285714285714286031e-01 5.466666666666666341e-01 7.534246575342465890e-01 8.437500000000000000e-01 7.831325301204818956e-01 9.736842105263158187e-01 6.202531645569620000e-01 6.543209876543210068e-01 5.000000000000000000e-01 9.753086419753086433e-01 9.749999999999999778e-01 9.821428571428570953e-01 5.200000000000000178e-01 7.352941176470588758e-01 5.064935064935065512e-01 5.142857142857142350e-01 6.202531645569620000e-01 5.142857142857142350e-01 5.142857142857142350e-01 7.746478873239436291e-01 5.405405405405405705e-01 5.949367088607595555e-01 3.000000000000000444e-01 7.500000000000000000e-01 5.555555555555555802e-01 5.405405405405405705e-01 6.623376623376623362e-01 5.749999999999999556e-01 7.808219178082191902e-01 5.200000000000000178e-01 7.534246575342465890e-01 5.000000000000000000e-01 7.096774193548387455e-01 7.352941176470588758e-01 6.341463414634146423e-01 7.272727272727272929e-01 6.338028169014084945e-01 4.871794871794872250e-01 9.743589743589743390e-01 5.609756097560976151e-01 9.722222222222222099e-01 5.000000000000000000e-01 5.068493150684931781e-01 5.324675324675325339e-01 5.000000000000000000e-01 5.555555555555555802e-01 5.466666666666666341e-01 5.000000000000000000e-01 6.103896103896103709e-01 5.802469135802469369e-01 5.833333333333332593e-01 6.363636363636363535e-01 8.356164383561643927e-01 9.726027397260273988e-01 7.176470588235294157e-01 5.142857142857142350e-01 5.142857142857142350e-01 9.743589743589743390e-01 5.405405405405405705e-01 5.466666666666666341e-01 6.956521739130434590e-01 5.142857142857142350e-01 6.103896103896103709e-01 7.352941176470588758e-01 0.000000000000000000e+00 9.722222222222222099e-01 6.842105263157894912e-01 5.405405405405405705e-01 5.000000000000000000e-01 1.733333333333333393e-01 6.202531645569620000e-01
6.307692307692307487e-01 6.999999999999999556e-01 6.451612903225806273e-01 7.187500000000000000e-01 5.862068965517241992e-01 5.405405405405405705e-01 0.000000000000000000e+00 3.939393939393939226e-01 6.216216216216216006e-01 7.611940298507462455e-01 4.242424242424241987e-01 7.352941176470588758e-01 6.296296296296296502e-01 4.246575342465753744e-01 4.827586206896551380e-01 4.705882352941176405e-01 5.072463768115942351e-01 6.315789473684210176e-01 6.315789473684210176e-01 5.277777777777777901e-01 5.652173913043478937e-01 4.242424242424241987e-01 7.230769230769230616e-01 4.062500000000000000e-01 8.787878787878787845e-01 5.068493150684931781e-01 7.428571428571428825e-01 5.405405405405405705e-01 5.714285714285713969e-01 4.242424242424241987e-01 5.072463768115942351e-01 3.513513513513513153e-01 3.513513513513513153e-01 0.000000000000000000e+00 6.164383561643835829e-01 4.925373134328357994e-01 3.913043478260869179e-01 4.827586206896551380e-01 5.200000000000000178e-01 8.787878787878787845e-01 5.652173913043478937e-01 4.864864864864865135e-01 7.049180327868852514e-01 3.913043478260869179e-01 9.733333333333333837e-01 5.161290322580645018e-01 6.999999999999999556e-01 8.378378378378378288e-01 8.750000000000000000e-01 4.202898550724637472e-01 7.662337662337662669e-01 3.513513513513513153e-01 6.799999999999999378e-01 4.571428571428571841e-01 2.121212121212121549e-01 6.666666666666667407e-01 4.062500000000000000e-01 3.913043478260869179e-01 6.417910447761194792e-01 8.275862068965517127e-01 7.662337662337662669e-01 9.714285714285714191e-01 3.972602739726027732e-01 6.266666666666667052e-01 2.258064516129032473e-01 9.733333333333333837e-01 9.729729729729730270e-01 9.811320754716981174e-01 4.782608695652174058e-01 5.161290322580645018e-01 6.056338028169014898e-01 2.500000000000000000e-01 5.890410958904109817e-01 2.500000000000000000e-01 2.500000000000000000e-01 7.538461538461538325e-01 1.176470588235294379e-01 7.534246575342465890e-01 6.486486486486486847e-01 6.666666666666667407e-01 4.399999999999999467e-01 0.000000000000000000e+00 4.366197183098591283e-01 5.405405405405405705e-01 7.611940298507462455e-01 5.072463768115942351e-01 5.522388059701492935e-01 2.258064516129032473e-01 5.714285714285713969e-01 6.451612903225806273e-01 6.842105263157894912e-01 5.999999999999999778e-01 7.230769230769230616e-01 5.833333333333332593e-01 9.722222222222222099e-01 5.263157894736842923e-01 9.696969696969697239e-01 2.258064516129032473e-01 4.925373134328357994e-01 4.929577464788732488e-01 2.258064516129032473e-01 3.599999999999999867e-01 3.913043478260869179e-01 4.242424242424241987e-01 5.211267605633802535e-01 4.666666666666666741e-01 5.454545454545454142e-01 6.056338028169014898e-01 8.208955223880597396e-01 9.701492537313433084e-01 5.949367088607595555e-01 2.500000000000000000e-01 2.500000000000000000e-01 9.722222222222222099e-01 2.941176470588234837e-01 4.202898550724637472e-01 6.744186046511627675e-01 2.500000000000000000e-01 3.802816901408451189e-01 6.129032258064516236e-01 5.405405405405405705e-01 9.696969696969697239e-01 6.571428571428571397e-01 0.000000000000000000e+00 2.424242424242424310e-01 5.072463768115942351e-01 5.890410958904109817e-01
7.142857142857143016e-01 5.517241379310344751e-01 8.333333333333333703e-01 5.806451612903225090e-01 6.785714285714286031e-01 5.277777777777777901e-01 3.939393939393939226e-01 0.000000000000000000e+00 5.555555555555555802e-01 7.538461538461538325e-01 3.437500000000000000e-01 7.272727272727272929e-01 6.202531645569620000e-01 5.211267605633802535e-01 6.785714285714286031e-01 2.727272727272727071e-01 4.925373134328357994e-01 6.216216216216216006e-01 6.216216216216216006e-01 5.142857142857142350e-01 5.522388059701492935e-01 6.250000000000000000e-01 7.142857142857143016e-01 4.516129032258064946e-01 8.750000000000000000e-01 2.676056338028168780e-01 7.352941176470588758e-01 5.277777777777777901e-01 6.666666666666667407e-01 4.687500000000000000e-01 4.925373134328357994e-01 5.000000000000000000e-01 4.166666666666666297e-01 3.939393939393939226e-01 6.056338028169014898e-01 4.769230769230768940e-01 3.134328358208955390e-01 6.785714285714286031e-01 2.876712328767123683e-01 8.750000000000000000e-01 5.522388059701492935e-01 5.277777777777777901e-01 6.949152542372880603e-01 4.925373134328357994e-01 9.726027397260273988e-01 6.999999999999999556e-01 6.923076923076922906e-01 8.333333333333333703e-01 8.709677419354838745e-01 3.134328358208955390e-01 7.600000000000000089e-01 5.000000000000000000e-01 6.712328767123287854e-01 5.000000000000000000e-01 4.062500000000000000e-01 7.187500000000000000e-01 4.516129032258064946e-01 4.925373134328357994e-01 7.230769230769230616e-01 7.500000000000000000e-01 7.066666666666666652e-01 9.705882352941176405e-01 5.774647887323943740e-01 6.164383561643835829e-01 3.000000000000000444e-01 9.726027397260273988e-01 9.722222222222222099e-01 9.807692307692307265e-01 3.731343283582089221e-01 6.999999999999999556e-01 5.942028985507246119e-01 4.516129032258064946e-01 5.774647887323943740e-01 4.516129032258064946e-01 4.516129032258064946e-01 7.460317460317460458e-01 3.939393939393939226e-01 7.464788732394366244e-01 6.388888888888888395e-01 7.187500000000000000e-01 5.342465753424657793e-01 3.939393939393939226e-01 5.072463768115942351e-01 5.555555555555555802e-01 7.538461538461538325e-01 4.328358208955224162e-01 7.230769230769230616e-01 3.000000000000000444e-01 6.666666666666667407e-01 6.999999999999999556e-01 6.756756756756756577e-01 6.896551724137931494e-01 7.142857142857143016e-01 5.714285714285713969e-01 9.714285714285714191e-01 3.513513513513513153e-01 9.687500000000000000e-01 3.000000000000000444e-01 4.769230769230768940e-01 2.463768115942028825e-01 3.000000000000000444e-01 5.342465753424657793e-01 4.925373134328357994e-01 4.687500000000000000e-01 5.652173913043478937e-01 2.876712328767123683e-01 5.000000000000000000e-01 5.942028985507246119e-01 8.153846153846153744e-01 9.692307692307692291e-01 6.103896103896103709e-01 4.516129032258064946e-01 4.516129032258064946e-01 9.714285714285714191e-01 4.848484848484848619e-01 3.134328358208955390e-01 6.666666666666667407e-01 3.225806451612903691e-01 4.492753623188405765e-01 6.999999999999999556e-01 5.277777777777777901e-01 9.687500000000000000e-01 6.470588235294116863e-01 3.939393939393939226e-01 4.062500000000000000e-01 4.925373134328357994e-01 5.211267605633802535e-01
7.746478873239436291e-01 7.575757575757575690e-01 8.823529411764705621e-01 7.714285714285714635e-01 7.500000000000000000e-01 6.250000000000000000e-01 6.216216216216216006e-01 5.555555555555555802e-01 0.000000000000000000e+00 7.260273972602739878e-01 5.833333333333332593e-01 7.837837837837837718e-01 6.781609195402298340e-01 6.455696202531645556e-01 7.500000000000000000e-01 5.405405405405405705e-01 5.733333333333332504e-01 6.585365853658535773e-01 6.585365853658535773e-01 6.153846153846154188e-01 6.266666666666667052e-01 6.944444444444444198e-01 7.746478873239436291e-01 5.428571428571429269e-01 8.888888888888888395e-01 5.949367088607595555e-01 7.894736842105263275e-01 6.250000000000000000e-01 7.419354838709677491e-01 6.111111111111111605e-01 5.733333333333332504e-01 6.500000000000000222e-01 6.250000000000000000e-01 6.216216216216216006e-01 5.949367088607595555e-01 5.616438356164383805e-01 5.999999999999999778e-01 7.500000000000000000e-01 5.555555555555555802e-01 8.888888888888888395e-01 6.266666666666667052e-01 5.999999999999999778e-01 7.611940298507462455e-01 5.999999999999999778e-01 9.753086419753086433e-01 7.647058823529411242e-01 6.744186046511627675e-01 8.499999999999999778e-01 8.857142857142856762e-01 5.999999999999999778e-01 8.072289156626506479e-01 6.500000000000000222e-01 7.037037037037037202e-01 6.315789473684210176e-01 5.833333333333332593e-01 7.777777777777777901e-01 5.428571428571429269e-01 6.266666666666667052e-01 7.808219178082191902e-01 8.750000000000000000e-01 8.072289156626506479e-01 9.736842105263158187e-01 6.455696202531645556e-01 6.049382716049382935e-01 5.588235294117647189e-01 9.753086419753086433e-01 9.749999999999999778e-01 9.821428571428570953e-01 5.733333333333332504e-01 7.647058823529411242e-01 6.363636363636363535e-01 5.999999999999999778e-01 6.455696202531645556e-01 5.999999999999999778e-01 5.999999999999999778e-01 6.338028169014084945e-01 6.216216216216216006e-01 7.974683544303797778e-01 7.249999999999999778e-01 7.777777777777777901e-01 6.296296296296296502e-01 6.216216216216216006e-01 7.142857142857143016e-01 5.999999999999999778e-01 6.438356164383561842e-01 5.733333333333332504e-01 7.808219178082191902e-01 5.588235294117647189e-01 7.419354838709677491e-01 7.647058823529411242e-01 7.317073170731707155e-01 7.575757575757575690e-01 7.746478873239436291e-01 6.410256410256409687e-01 9.743589743589743390e-01 5.609756097560976151e-01 9.722222222222222099e-01 5.588235294117647189e-01 5.616438356164383805e-01 5.584415584415585165e-01 5.588235294117647189e-01 6.049382716049382935e-01 6.266666666666667052e-01 5.000000000000000000e-01 6.363636363636363535e-01 6.049382716049382935e-01 4.444444444444444198e-01 5.324675324675325339e-01 8.356164383561643927e-01 9.726027397260273988e-01 7.176470588235294157e-01 5.999999999999999778e-01 5.999999999999999778e-01 9.743589743589743390e-01 6.216216216216216006e-01 5.999999999999999778e-01 5.869565217391303769e-01 5.714285714285713969e-01 6.103896103896103709e-01 7.647058823529411242e-01 6.250000000000000000e-01 9.722222222222222099e-01 6.842105263157894912e-01 6.216216216216216006e-01 5.555555555555555802e-01 5.733333333333332504e-01 5.949367088607595555e-01
7.500000000000000000e-01 7.288135593220339548e-01 8.688524590163934080e-01 7.460317460317460458e-01 7.192982456140351033e-01 7.808219178082191902e-01 7.611940298507462455e-01 7.538461538461538325e-01 7.260273972602739878e-01 0.000000000000000000e+00 7.538461538461538325e-01 7.611940298507462455e-01 8.000000000000000444e-01 7.777777777777777901e-01 7.192982456140351033e-01 7.611940298507462455e-01 7.647058823529411242e-01 7.866666666666666252e-01 7.866666666666666252e-01 7.746478873239436291e-01 7.647058823529411242e-01 7.538461538461538325e-01 7.500000000000000000e-01 7.460317460317460458e-01 8.769230769230769162e-01 7.777777777777777901e-01 7.681159420289854767e-01 7.808219178082191902e-01 7.090909090909091050e-01 7.538461538461538325e-01 7.647058823529411242e-01 7.808219178082191902e-01 7.808219178082191902e-01 7.611940298507462455e-01 4.722222222222222099e-01 7.575757575757575690e-01 7.647058823529411242e-01 7.192982456140351033e-01 7.837837837837837718e-01 8.769230769230769162e-01 7.647058823529411242e-01 7.808219178082191902e-01 7.333333333333333925e-01 7.647058823529411242e-01 9.729729729729730270e-01 7.377049180327868161e-01 8.481012658227847778e-01 8.356164383561643927e-01 8.730158730158730229e-01 7.647058823529411242e-01 7.894736842105263275e-01 7.808219178082191902e-01 8.378378378378378288e-01 7.681159420289854767e-01 7.538461538461538325e-01 7.538461538461538325e-01 7.460317460317460458e-01 7.647058823529411242e-01 7.575757575757575690e-01 8.596491228070175517e-01 7.894736842105263275e-01 9.710144927536231707e-01 7.777777777777777901e-01 5.135135135135134865e-01 7.377049180327868161e-01 9.729729729729730270e-01 9.726027397260273988e-01 9.809523809523809090e-01 7.647058823529411242e-01 7.377049180327868161e-01 8.285714285714285143e-01 7.460317460317460458e-01 7.777777777777777901e-01 7.460317460317460458e-01 7.460317460317460458e-01 6.875000000000000000e-01 7.611940298507462455e-01 7.777777777777777901e-01 8.904109589041095951e-01 7.538461538461538325e-01 7.837837837837837718e-01 7.611940298507462455e-01 8.857142857142856762e-01 7.808219178082191902e-01 6.969696969696970168e-01 7.647058823529411242e-01 7.575757575757575690e-01 7.377049180327868161e-01 7.090909090909091050e-01 7.377049180327868161e-01 7.866666666666666252e-01 7.288135593220339548e-01 7.500000000000000000e-01 7.746478873239436291e-01 9.718309859154929953e-01 7.866666666666666252e-01 9.692307692307692291e-01 7.377049180327868161e-01 7.575757575757575690e-01 7.714285714285714635e-01 7.377049180327868161e-01 7.837837837837837718e-01 7.647058823529411242e-01 7.538461538461538325e-01 7.714285714285714635e-01 7.837837837837837718e-01 6.615384615384615197e-01 6.857142857142857206e-01 8.181818181818181213e-01 9.696969696969697239e-01 8.461538461538461453e-01 7.460317460317460458e-01 7.460317460317460458e-01 9.718309859154929953e-01 7.611940298507462455e-01 7.647058823529411242e-01 7.647058823529411242e-01 7.460317460317460458e-01 7.714285714285714635e-01 7.377049180327868161e-01 7.808219178082191902e-01 9.692307692307692291e-01 7.681159420289854767e-01 7.611940298507462455e-01 7.538461538461538325e-01 7.647058823529411242e-01 7.777777777777777901e-01
7.142857142857143016e-01 6.206896551724138122e-01 8.333333333333333703e-01 6.451612903225806273e-01 6.785714285714286031e-01 5.277777777777777901e-01 4.242424242424241987e-01 3.437500000000000000e-01 5.833333333333332593e-01 7.538461538461538325e-01 0.000000000000000000e+00 7.272727272727272929e-01 6.202531645569620000e-01 5.211267605633802535e-01 6.785714285714286031e-01 3.636363636363636465e-01 4.925373134328357994e-01 6.216216216216216006e-01 6.216216216216216006e-01 5.142857142857142350e-01 5.522388059701492935e-01 6.250000000000000000e-01 7.142857142857143016e-01 4.516129032258064946e-01 8.750000000000000000e-01 4.084507042253521236e-01 7.352941176470588758e-01 5.277777777777777901e-01 6.666666666666667407e-01 4.687500000000000000e-01 4.925373134328357994e-01 5.555555555555555802e-01 4.722222222222222099e-01 4.242424242424241987e-01 6.056338028169014898e-01 4.769230769230768940e-01 1.641791044776119701e-01 6.785714285714286031e-01 4.246575342465753744e-01 8.750000000000000000e-01 5.522388059701492935e-01 5.277777777777777901e-01 6.949152542372880603e-01 4.925373134328357994e-01 9.726027397260273988e-01 6.999999999999999556e-01 6.923076923076922906e-01 8.333333333333333703e-01 8.709677419354838745e-01 2.835820895522388474e-01 7.600000000000000089e-01 5.555555555555555802e-01 6.712328767123287854e-01 5.000000000000000000e-01 3.750000000000000000e-01 7.187500000000000000e-01 4.516129032258064946e-01 4.925373134328357994e-01 7.230769230769230616e-01 7.500000000000000000e-01 7.066666666666666652e-01 9.705882352941176405e-01 5.774647887323943740e-01 6.164383561643835829e-01 3.666666666666666963e-01 9.726027397260273988e-01 9.722222222222222099e-01 9.807692307692307265e-01 1.940298507462686617e-01 6.999999999999999556e-01 5.942028985507246119e-01 4.516129032258064946e-01 5.774647887323943740e-01 4.516129032258064946e-01 4.516129032258064946e-01 7.460317460317460458e-01 4.545454545454545858e-01 7.464788732394366244e-01 6.388888888888888395e-01 7.187500000000000000e-01 5.342465753424657793e-01 4.242424242424241987e-01 5.652173913043478937e-01 5.555555555555555802e-01 7.538461538461538325e-01 2.835820895522388474e-01 7.230769230769230616e-01 3.666666666666666963e-01 6.666666666666667407e-01 6.999999999999999556e-01 6.756756756756756577e-01 6.896551724137931494e-01 7.142857142857143016e-01 5.714285714285713969e-01 9.714285714285714191e-01 4.324324324324324564e-01 9.687500000000000000e-01 3.666666666666666963e-01 4.769230769230768940e-01 3.913043478260869179e-01 3.666666666666666963e-01 5.342465753424657793e-01 4.925373134328357994e-01 4.687500000000000000e-01 5.652173913043478937e-01 4.246575342465753744e-01 5.000000000000000000e-01 5.942028985507246119e-01 8.153846153846153744e-01 9.692307692307692291e-01 6.363636363636363535e-01 4.516129032258064946e-01 4.516129032258064946e-01 9.714285714285714191e-01 4.848484848484848619e-01 2.835820895522388474e-01 6.666666666666667407e-01 3.870967741935483764e-01 5.072463768115942351e-01 6.999999999999999556e-01 5.277777777777777901e-01 9.687500000000000000e-01 6.470588235294116863e-01 4.242424242424241987e-01 4.062500000000000000e-01 4.925373134328357994e-01 5.211267605633802535e-01
6.615384615384615197e-01 6.333333333333333037e-01 7.741935483870967527e-01 7.187500000000000000e-01 6.206896551724138122e-01 7.027027027027026307e-01 7.352941176470588758e-01 7.272727272727272929e-01 7.837837837837837718e-01 7.611940298507462455e-01 7.272727272727272929e-01 0.000000000000000000e+00 7.777777777777777901e-01 7.534246575342465890e-01 6.206896551724138122e-01 7.352941176470588758e-01 6.811594202898550998e-01 7.894736842105263275e-01 7.894736842105263275e-01 6.666666666666667407e-01 6.811594202898550998e-01 7.272727272727272929e-01 6.307692307692307487e-01 7.187500000000000000e-01 8.787878787878787845e-01 7.534246575342465890e-01 5.714285714285713969e-01 7.027027027027026307e-01 6.071428571428572063e-01 7.272727272727272929e-01 6.811594202898550998e-01 7.567567567567567988e-01 7.567567567567567988e-01 7.352941176470588758e-01 7.808219178082191902e-01 7.313432835820895539e-01 7.391304347826086474e-01 6.206896551724138122e-01 7.600000000000000089e-01 8.787878787878787845e-01 6.811594202898550998e-01 7.567567567567567988e-01 6.393442622950820109e-01 7.391304347826086474e-01 9.733333333333333837e-01 7.096774193548387455e-01 8.499999999999999778e-01 8.378378378378378288e-01 8.750000000000000000e-01 7.391304347826086474e-01 1.688311688311687764e-01 7.567567567567567988e-01 8.399999999999999689e-01 7.428571428571428825e-01 7.272727272727272929e-01 6.666666666666667407e-01 7.187500000000000000e-01 7.391304347826086474e-01 7.313432835820895539e-01 6.896551724137931494e-01 7.662337662337662669e-01 9.714285714285714191e-01 7.534246575342465890e-01 7.866666666666666252e-01 7.096774193548387455e-01 9.733333333333333837e-01 9.729729729729730270e-01 9.811320754716981174e-01 7.391304347826086474e-01 6.451612903225806273e-01 8.309859154929577496e-01 7.187500000000000000e-01 7.534246575342465890e-01 7.187500000000000000e-01 7.187500000000000000e-01 7.538461538461538325e-01 7.352941176470588758e-01 7.260273972602739878e-01 7.837837837837837718e-01 6.666666666666667407e-01 7.600000000000000089e-01 7.352941176470588758e-01 8.591549295774647543e-01 7.567567567567567988e-01 7.611940298507462455e-01 7.391304347826086474e-01 7.313432835820895539e-01 7.096774193548387455e-01 6.071428571428572063e-01 6.451612903225806273e-01 5.263157894736842923e-01 6.333333333333333037e-01 3.230769230769230393e-01 6.666666666666667407e-01 9.722222222222222099e-01 7.631578947368421462e-01 9.696969696969697239e-01 7.096774193548387455e-01 7.313432835820895539e-01 7.464788732394366244e-01 7.096774193548387455e-01 7.600000000000000089e-01 7.391304347826086474e-01 7.272727272727272929e-01 7.464788732394366244e-01 7.600000000000000089e-01 7.575757575757575690e-01 7.746478873239436291e-01 7.611940298507462455e-01 9.701492537313433084e-01 8.481012658227847778e-01 7.187500000000000000e-01 7.187500000000000000e-01 9.722222222222222099e-01 7.352941176470588758e-01 7.391304347826086474e-01 8.139534883720930258e-01 7.187500000000000000e-01 7.464788732394366244e-01 6.451612903225806273e-01 7.027027027027026307e-01 9.696969696969697239e-01 7.714285714285714635e-01 7.352941176470588758e-01 7.272727272727272929e-01 6.811594202898550998e-01 7.534246575342465890e-01
